Panel A: Profit

LSA2f (Profit)
 0.030 0.048 0.061 0.067 0.075 0.081 0.087 0.089
 [8.69] [10.16] [11.14] [9.94] [8.07] [7.65] [7.77] [6.84]

LSA2i (Profit)
 -0.011 -0.011 -0.015 -0.015 -0.016 -0.013 -0.012 -0.006
 [-2.70] [-1.99] [-2.34] [-1.87] [-1.70] [-1.20] [-1.00] [-0.47]


Panel B: Output

LSA2f (Output)
 0.029 0.046 0.060 0.068 0.071 0.077 0.076 0.068
 [7.73] [6.64] [7.30] [6.77] [5.83] [5.39] [5.09] [4.55]

LSA2i (Output)
 -0.002 0.001 0.000 0.002 0.001 0.001 0.008 0.012
 [-0.39] [0.14] [0.03] [0.17] [0.08] [0.09] [0.54] [0.78]


Panel C: Capital

LSA2f (Capital)
 0.015 0.026 0.032 0.034 0.038 0.048 0.052 0.049
 [4.65] [4.89] [4.91] [4.26] [3.67] [3.91] [4.00] [3.61]

LSA2i (Capital)
 -0.016 -0.023 -0.030 -0.029 -0.029 -0.031 -0.033 -0.029
 [-2.66] [-2.84] [-3.17] [-3.01] [-2.66] [-2.39] [-2.60] [-2.23]


Panel D: Labor

LSA2f (Labor)
 0.014 0.021 0.023 0.028 0.028 0.030 0.033 0.028
 [6.77] [5.94] [4.89] [4.86] [3.77] [3.23] [3.06] [2.43]

LSA2i (Labor)
 0.001 0.009 0.010 0.011 0.011 0.012 0.010 0.010
 [0.12] [0.87] [1.02] [1.09] [1.09] [1.16] [0.91] [0.96]