Panel C: Capital

LSA2f (Capital)
 0.015 0.026 0.032 0.034 0.038 0.048 0.052 0.049
 [4.65] [4.89] [4.91] [4.26] [3.67] [3.91] [4.00] [3.61]

LSA2i (Capital)
 -0.016 -0.023 -0.030 -0.029 -0.029 -0.031 -0.033 -0.029
 [-2.66] [-2.84] [-3.17] [-3.01] [-2.66] [-2.39] [-2.60] [-2.23]

Panel D: Labor

LSA2f (Labor)
 0.014 0.021 0.023 0.028 0.028 0.030 0.033 0.028
 [6.77] [5.94] [4.89] [4.86] [3.77] [3.23] [3.06] [2.43]

LSA2i (Labor)
 0.001 0.009 0.010 0.011 0.011 0.012 0.010 0.010
 [0.12] [0.87] [1.02] [1.09] [1.09] [1.16] [0.91] [0.96]
