Panel A: Profit

LSA2f (Profit)
 0.023 0.039 0.049 0.055 0.061 0.067 0.072 0.074
 [6.30] [7.91] [8.57] [7.63] [6.37] [6.11] [6.14] [5.60]

LSA2f_qje (Profit)
 0.023 0.035 0.044 0.049 0.056 0.061 0.069 0.076
 [4.61] [6.16] [5.19] [5.25] [5.13] [4.61] [5.11] [5.31]


Panel B: Output

LSA2f (Output)
 0.026 0.042 0.055 0.063 0.064 0.069 0.068 0.060
 [7.19] [6.14] [6.55] [6.02] [5.19] [4.89] [4.56] [4.05]

LSA2f_qje (Output)
 0.010 0.018 0.023 0.026 0.033 0.039 0.046 0.048
 [2.93] [2.92] [2.67] [2.93] [3.47] [4.00] [4.03] [3.61]


Panel C: Capital

LSA2f (Capital)
 0.010 0.019 0.022 0.024 0.026 0.036 0.040 0.038
 [3.19] [3.47] [3.33] [2.89] [2.60] [3.08] [3.22] [2.89]

LSA2f_qje (Capital)
 0.013 0.024 0.032 0.037 0.041 0.042 0.045 0.047
 [5.84] [6.80] [6.19] [5.42] [5.46] [4.86] [4.38] [3.82]


Panel D: Labor

LSA2f (Labor)
 0.013 0.020 0.021 0.025 0.025 0.027 0.029 0.024
 [5.55] [4.98] [4.19] [4.30] [3.40] [2.98] [2.82] [2.17]

LSA2f_qje (Labor)
 0.005 0.011 0.016 0.020 0.021 0.023 0.025 0.027
 [2.18] [2.88] [3.59] [3.70] [3.48] [3.09] [2.84] [2.56]