
Panel A: Profit

LSA2f (Profit)
 0.024 0.039 0.050 0.055 0.061 0.066 0.071 0.073
 [7.14] [8.53] [9.27] [8.16] [6.69] [6.36] [6.28] [5.51]

LSA2i (Profit)
 -0.010 -0.010 -0.012 -0.011 -0.012 -0.010 -0.008 -0.002
 [-2.45] [-2.01] [-1.88] [-1.41] [-1.41] [-0.93] [-0.68] [-0.13]

LSA2f_qje (Profit)
 0.023 0.035 0.044 0.049 0.056 0.061 0.070 0.077
 [4.94] [6.88] [5.37] [5.42] [5.39] [4.81] [5.23] [5.35]

LSA2i_qje (Profit)
 -0.007 -0.015 -0.006 -0.009 -0.014 -0.016 -0.016 -0.018
 [-1.27] [-1.46] [-0.77] [-0.85] [-1.32] [-1.51] [-1.26] [-1.33]



Panel B: Output

LSA2f (Output)
 0.026 0.040 0.052 0.058 0.059 0.064 0.062 0.054
 [7.20] [5.89] [6.66] [6.18] [5.23] [4.80] [4.37] [3.72]

LSA2i (Output)
 -0.002 0.000 -0.001 0.000 -0.002 -0.001 0.006 0.011
 [-0.33] [0.05] [-0.10] [0.03] [-0.16] [-0.09] [0.49] [0.72]

LSA2f_qje (Output)
 0.010 0.019 0.025 0.029 0.036 0.043 0.050 0.051
 [3.01] [3.29] [3.08] [3.39] [4.05] [4.38] [4.30] [3.87]

LSA2i_qje (Output)
 -0.005 -0.018 -0.023 -0.028 -0.036 -0.036 -0.035 -0.034
 [-1.10] [-2.24] [-2.32] [-2.54] [-3.06] [-2.65] [-2.14] [-1.86]


Panel C: Capital

LSA2f (Capital)
 0.013 0.022 0.026 0.027 0.029 0.039 0.042 0.039
 [4.54] [4.48] [4.35] [3.63] [3.10] [3.54] [3.63] [3.09]

LSA2i (Capital)
 -0.014 -0.020 -0.027 -0.026 -0.026 -0.028 -0.031 -0.027
 [-2.26] [-2.33] [-2.80] [-2.71] [-2.46] [-2.19] [-2.42] [-2.09]

LSA2f_qje (Capital)
 0.011 0.023 0.030 0.035 0.039 0.041 0.044 0.047
 [5.77] [6.90] [6.32] [5.61] [5.60] [4.87] [4.37] [3.87]

LSA2i_qje (Capital)
 0.009 0.006 0.004 0.003 -0.001 -0.003 -0.011 -0.013
 [1.87] [0.78] [0.38] [0.22] [-0.07] [-0.24] [-0.61] [-0.71]



Panel D: Labor

LSA2f (Labor)
 0.013 0.017 0.018 0.022 0.022 0.024 0.026 0.020
 [5.99] [4.65] [3.62] [3.68] [2.96] [2.64] [2.48] [1.76]

LSA2i (Labor)
 0.001 0.008 0.010 0.011 0.011 0.012 0.009 0.009
 [0.13] [0.82] [0.98] [1.08] [1.08] [1.12] [0.80] [0.77]

LSA2f_qje (Labor)
 0.006 0.012 0.018 0.022 0.023 0.025 0.027 0.029
 [2.39] [3.39] [4.14] [4.07] [3.70] [3.25] [3.00] [2.76]

LSA2i_qje (Labor)
 -0.003 -0.010 -0.015 -0.014 -0.012 -0.013 -0.019 -0.024
 [-0.57] [-1.83] [-2.09] [-1.64] [-1.12] [-1.09] [-1.32] [-1.55]