
Panel A: Profit

LSA2f (Profit)
 0.024 0.039 0.050 0.055 0.061 0.066 0.071 0.073
 [7.14] [8.53] [9.27] [8.16] [6.69] [6.36] [6.28] [5.51]

LSA2i (Profit)
 -0.010 -0.010 -0.012 -0.011 -0.012 -0.010 -0.008 -0.002
 [-2.45] [-2.01] [-1.88] [-1.41] [-1.41] [-0.93] [-0.68] [-0.13]

LSA2f_qje (Profit)
 0.023 0.035 0.044 0.049 0.056 0.061 0.070 0.077
 [4.94] [6.88] [5.37] [5.42] [5.39] [4.81] [5.23] [5.35]

LSA2i_qje (Profit)
 -0.007 -0.015 -0.006 -0.009 -0.014 -0.016 -0.016 -0.018
 [-1.27] [-1.46] [-0.77] [-0.85] [-1.32] [-1.51] [-1.26] [-1.33]
